11011 Ι

’11111111491 1111111111. 91144. 10116911 186. 146. 19 1941
1111118 99. 19 3 4118817 189. 199. 8 196.5’
111011119910 111111ουὶ0 19. 8 111191.16194. 161. ιο 17119
1111011991 19619 4 199. nc 198. 178. ιο 1797
1111167.91166.19 1116191791 4 101.1,8104. 1891611891,
1110 41.1 1699 1016111111 90. 18 11111.1,10111. 1018919 191
99191118. 9 1111111186. 11 181119.11118.’ 1710119 108.
191.9 111616011144. 10 141119.1.8,110. 6, 141111. 19 .
111011198111191. 11116199,9199.19 8111916111 1166
19 ambobus 61.11 1111111411.- 161.8 Aumatium!
11111166.1184.9 amborum 146. 9 amore 11. 6140. 11181117414
8911119118 1167 19148.8,111119. 41111111681
1110999 1111611997 141118191147. 111181111911·
Α171110111119.9 1116111611111. 11 1 1 ¹53· 1, 10. 101111111111114. 19
,11111996 1111111197. 181189 189. 11 1 189. 1111111111911
11111811 116. 11 16 71199. 91119. 1111104101101.19
19919 Ι 111111111017 111111. 101199. 11111011111111491
anundum 969 1911116119 11 Andromachen 78.
1111111119.1,10140. 111111114141148. 11001110999179. 3 Ι
6110641110. 141161.191119. 111119191119. 11161οω111111 101.
, 1111131683 ¹2· 1, 1110 91110·5 1
1111111116 umet 64. 41 118. 171 911.0 1 11111011181149.”8 ’
mantem 1ο. 11 1ο 101·1κι911189.1 1111111194 19 ’
“ 99911747 11011111.1119.1 191. 91170. 19 1117111191. 81119.
111101111191149. 466199 81111. 100.11101.7 -4
19110913 16119116 111101198190. 9 10911119916187,
1111111117.111119. 111111111819 7911118819 9 ,
9118091101. 11111101 107. ¹9 amem 36. 8149. 1190111191
111119111116. 1111111191, 16 1816891768 1011111101 111. 7
9 1111111111 19817 966111991149. 1011110810

111116110711 ammam 5.7 181197. 111114. 111111 106. 9

’1111111111971199 11111111147.4 8 111.10 119. [111111111811
11. 10111016 111116810011 9 1147 1111111119οΛ ,
74961699 1111111119171117. amorem168.1 11111111 14. 6 108.
1777113719171199. 9 Amphltry1n88.10 171 1391 157.
1111511160. 191 148. 126ε16.4106166. 11 :3³:352 η 1111519191575176.
4, 141184 11 84. 16 1 1394 111191166911117114 111ἱωί1111. 11
1891711091 1091 116.4111.1111111111111.1 1111111091 11668
11911 1094 nm 10191111190. 19 6710 100 19.
1111111111 1019 119 9111611 111.111110110,4 , 1069 108.18 ³
amaru3227.8 10101111994 19911101999 1991 161. 11
11111110661181. 1111111.9111.9 1111911111 119. 4 196.141199.19 ’
9111611199. 17.14111.11 16814119819. 117.11
111111117416 63 ξ,1129819911.301 ιῐῃ1181111116 141818. ξ 111126111ο917193 16.
amisti 14191109. 9410199114 161.141171.10 19 90.11“ 98.
¹1 40·4[44·¹0!47'· 13110 10 4¹· 1-193·³
11111191.4194.16 9191191949 199111111916 198.8 =
11111 981019911169. 11111711110814 11110111199
1111111179. 14 1916641689 Amyntorem. 16 111001117991119. ⁴
nmntaexg5.1 79. 19 1 87. 10 an ¹4· 9 1 19. 9 7
111111119719 1199 11911 19.11141.1194. 111110111619 .
1911011708 1499 190. 9 1617871997 11191190169.9 ,
111111114910 199, 3, 191196. 10910 11919 11111111999179.
111111111ι91114ι3 6116161169. 11619 1499 191987119719

N„ „

 

