VOCAnuLoRuM

AE'e'te1159.111191. 131111119818 13111 147.3 1111 73. 6 1 198.
1 1 1113101113. 81116. 13111413. 11
Εὲ11116113 10 1311184 Ι 111133131144.
AEgaei5163. 11 ·· 1111111009 1311 34. 13 Ι 79. 31180.91117.7
1831011311 1811641 16111411140. 11111133131131.
Ε3111103. 1 tn 114. 3 4 1
1183111174. 19 1111111171 ', 131111167. 3. ,1111111119
1831111 13. 3 111 11. 13 1311111173. 11 1111 43. 11 Ι 119. 9
Ε3111133. 11. 1111114. 3 13111111 13.1 118.101119.18
1813111311131. 11111119314 1311111966 “ 11ῐί13. 1311118
11311 114. 13 1 140. 11111111117. 1 131111147. 101194. 1110118. 11 1 1184
81141. 18 AE'e‘ta 139. 16 , 13 1118. 3 1118. 3
131111411 AEsonia 119. 11 1311111 3. 8191. 111311111131194.
13111111 106. w “ 191. 10 ’ 14 19
13111113. 1 AEsonide 61. 1 1311111 111. 3 1111311114. 10
13111839 AEsonides 34. 13 1311111611 1111111137.9 ·.
11637111 811. 9 6ο. 3 1 111. 8 13101101 1631 aliquem 170. 3
11111101. 1. 1611334 1311111131.13 aliquid 18. 1119.
Ε11163.7 1111111387 1301337 10 3171104. ’
’1111111168 811 11111110391131. 130171. 31111. 11 16313
181111 66. 7176. 10 13 11131114. 41 16. 9
13. 11119. 111481 1311111337 33316131133.
AEne'idos 74. 3 148. 11 13111011114. 8 3
. 2801111186 · 1111111338 1311019313 1111 81111619
1111111311. 111111817111. · 13101613 aliter 1133171109.
ΙΒ111111107. 131108. 11111111 101.6 Ab 29·1{4. 1 4
4 18111111181174. 3131917 106. 1111111648 171.
1111114141136 1111111160.10 13110318 114. 3110117 1033
ἓᾙᾜᾞ ffissffi² ffffssfflssffissmJ
ι 3 ¹ 0 1 1 . Ι
,1113111131Ι 11 ·’ Λῑ111111113111171.1 118111113139. 1
equo 111. 31161. 19119 10 11111137
,331114 11. 1811111437 111119111133.4 1111 8. 3 1 16. 6
84011611 .10 1811111438 ait 33. 1110811 41619719198,
8141140 9131· 1111111111 939 1314116116. 8111311
“ 131193.31199;71 11114811 161. 1111834 1181311401
19111391104. 11111833 131. 16 111119813 Ι
31110101113. 1111119138 11111961 1111111333
ς 18111111134 1111100.19 “ 1111111319
equora 13. 3116. 1111111733 ¹ 1111 11. 8171. 6 1111111819
. 1311347114.13111113181116. Η914 181116810111.
ffistssffifihmm Mfflffi &ffssff
3,7186.13}98· ,1131111111οηί1 13. 11811111107. 17 114114 11313
9133111178. 4 albun64.6 233· 5 1 237·
5119591200·7 1111 14181111· 1111111411 2
' ²⁰7·3·{2¹4› ¹5 18 Α111111011134.4 alma 13. 61 17.’
141011 111. 113 1311 33. 81173. 1111111911 13163111316
114 11111184 14111181113. 1111111913 1043 1 1137
1393 ¹7 Alcide217=.9 · 133.141164.18
1110111134.’17’ 1311196 1 Alcimede 60.7 143.111184.17
’13111111111114 13161.17168.13 11110111133 183. 111918
1131111111 68. 11 137.·7 1 138. 11171111137.13 119-14111319
214 20 7 111110 19.1 141, 11

'⁸ 1311111114 43, 14 1311114813 1111131.1,3116ο. 11111111111.111113. ,

. 1631 13111436, 19 1,171,119.11, 11

11111111 ·

 

