'1⁴38c231331‘3031'333'
4614156,6157’,1111ἰω9111161,517 1111111147,1ρ ι 11111179, 7, 1111465
·m.nt· fflun·⁷,flfflffffl·fwffiffl·n

:llam-‘²:839‘ 166”1111.11ς11·71,516ς 1111111111611111679’Ι 11116116639196.9
155 5 55 3333. 3333: 5, '33333333
Ὓωπ '¹¹⁸⁰' ’111116116Ι16579 3111241411167, 17 1011211111ῗὲ
333⁴ 3⁶33... ,,11.- .. 3,,331, :3:333
541115711161ί111ο4611166171111ι911147,6 1116111ῑᾶ19 .
31535363,,,533155,,,,,,33131333, '⁰3 ¹⁷ ⁴¹¹ ²⁴⁰·
virm. 17 , 1111181111, 1,6 ·. 11110112186611 aenl3fv81698. 14
’1171135177181161161 1111111119 · 313934.191646711111111161111157,
6 · 1111111ο,91167,1ς 897 §1¹²3⁴²
11141, 1411767 141.7 1115117146171199, 1111171, 1116611
60141161611111154161551 16 · 1914

6941 1564 . ⁰⁰³²⁶3¹⁶ 1111111176,11
111161161117. 14 11161644 1111111145, 141170, 1116111197, 41141,

1991111617,1111-,67714194 6 6
1116617 1111115611 1161161611 1111161, 4,16416-

1ἰ11111154,161196, 1111195, ..161165 1111111.,6141119,6171111,6
[1111231126ι ’ 11111Η1,11661 110811147 ¹⁰¹⁵ ¹ :mot⁹⁸ 11ο 1
11111115, 111169, 61, 11611, 1619911 111667,151154,5 1116376779

Ἣψη ώυωψψ1 mww

111111161- 81666 556711116119 undum 1111167, 16
1111616111 11 9914111611 111.,6119151566 1111119461117,5

1116 119177,,151617 7 111.11
visceribus 11614 11191171.1171,6 Ι1161, 17 11111466
111111664161141, 76,1611οο, 8 1116116, 11 ο, 11 16111111116. 17
vi.fi³¹176 ,15 16101111141116111 11611174 Μ’, 8 ’011ἑὲ116105 ¹³
1111111176 ,14641141 8 11114111955 1111111111, 17
111155, 615776166 1761611769 1111111116. 1119. 9 1111111116915

6179 197, 91615, ,7 66.61199.15 111111111166,1
1111116461, 6131 111, 6 1111117186ι 1111117671. 6 1 46, 8 ὀι1Π6ἰ9Μι ··1l¹²4 10

147 111176, ,14 1111191716, 16 51. ,7 11111111944

16116, 17,1666 1111111166 111511,1116176 17 11111111665

‘3032288 1111141,61161,,5 1114116111 116 61 11117111 116,17
1111161.1711 1111111144, 19 1111517 11615 146, 9116511
11111119117515111165..411511 1799 619. ,9 vomere 11616

1416 111111111151,17 111111..147 16 117,1
vitare 128 ,6 1111111176 14 1111111,7 11 11111119, 9
1111111 1667 1111111, 16111 11155 1 5115 1111ο1. 71146, 7,
1116161169. ,5 · .7.6 11167, 71119, 66, ,7,1116 ,4 91616,9,111177.
111119167617 · 141.1767 1191611115,11 9
1111111117,17 1116111119 1 57,111,71111.1 1116611615679
1111111169 17111411141 11111114, 1116917 66911566
1111611144. 1.7 14 96611159 111119. 1141, 5
111111115,41161,6 1111111667 1111116,1119,1.6 55. ,111569

1111111467 &hm 51671144* 'mmm' unzi.

 

