VOCABULORUM.

4,.
,ι,, WJ²⁹·⁶ 303335. ,38 148146 ultor-9

64,19 169, 9333133 399 ,3

933334 14. 33
’,84343 14148, 3 93331819319448, 1 .

0 111311· 33· 3133· ²
4 AEtuln. 3 9363111143371319371ἒ 1139914666, 11 38:3832133
4 Gg 3133 33769ς 893 913161933 334,6 9131313 46, 64, ·.6

4 9313331933 193,9 ξ66616131669ξ69 ἓ66631936. 9⁸ 1466 Ι ¹8¹⁶
0333331 369,9ι 93333313913 6.1 9 933311313393, 11 9333313933 136 ,4
3 9133131314 9331333113 166, 9 911146314961 9331133149 9 .
9331331334, 9331113336, ,9 9331333 33 9363331611199. 19
933131396314343. 93146319334ρ,9 911133133918
, 93313134134338 (11331313
1913133 399, ,34168 444396. 8 01331139134349, 11
1 3,4149,3 933113343943394 33
9311333 1334 44,134 34 01313 49, 33, 13 1163 33, 33
9331111336 33 m. 9311311331494 113. 34139. 6 148. 34384.
3 3441936 341, 93313113 169 3ι9 139,3 144339, 33
-· 33 393 33 144, 93343333114,9 0131314,34198.1116331143,13
ff 11184443 34933113316416,19 1116333113.14’
“- ’39ςι ,39 198 33 gen· 1164 9113143393. 34 1116363149, 64364.
1, 336, 9 338, ’9 93313 99 6444. 33 9113111133 938 33
4 409. 34 8 166 44164. 31 9113131633 93, 9 6363611164944164.
'stam 9311111ξὲιέ 93111736 161 38 9363611111113394 636311374916
1 9311138333. 9311111 99, ,4494ι 3 933313 94 6469ι6 habendam 6919

4. 33414914331, 369943884 9334111339,194333,44,91
,1. 4 931331339341136331316934

4 93111113 399 11 933318,14 193631133149, ,3 339, ,18
r3341.5833593333 44, 9 116 34193 44183, 913339, 134 31, 39 6363311919
6.319 . 14 314, 89144131, 34 habent 14. 4431

3 933.313334184393.931133349,,19 93131349 34 3489. 3449414. ’ ’

,ἶ 9331311136ιιι9 93131336148 193964 344ι3 4493,.1646116 -Ι

,9333111838 9313111138 334193, 151,36,41943 9418444913
1 9333131111 144 19 6 93334336 1,33 3943

4 93133113 691 9311111368 93111164,4 139, 318, 3613 9,8
93311333 333 34 gargnana! 344339,4399.636311131388

9313333144 31 9331319911 9,8 38 6363381,9499.4
1 9313131114. 134319, 9313131494 6991331319439814

ἷ 6 144869 9433313199. 94894 1136333 61 1346.
· 9331133333111433 93143331933969 9131331999 8484 3143334.96

, 9333133184,,,9493 3133393138.9 933333669 493,64194.8,4164
· 633313333133944ι 93333333 579 434ιι 6644333

31614

’ 9331336933 9333113331 99 39 9333394643991643363 333
9331413169, ,14 9333111143. 19 44 43163 84494, 4 399.
9333113333 1363 93333333134. 13 933133199,14,144344,6

9331131334,1,9 Geryonen 936 913331 13913 335 6363333333.9

3961416919 93163644 919 19 6363131434

·- 9313331344, ,13 931193 91331631933194,1 6363149, 33449

· 9331313191. 9489 91331611899,,113611143949184334193,

·. ¹4l²35·7 9133139, 4498, 33 8 139, ,194ι4 1. 13

93313343, 15 913133 334 933311331499 344,,644149 357.
· 9333181. 6498, 34 9131133 3313 ¹¹7· 93331133199, 6 31916 194.

j 199ι8 4.419116339, 9133133336 31 8319144333, ,

93113146. 4.8Ι4 6, 34 33:330334.8 ²²5 ·⁶·¹9l²3
94338 33 431874 913113 3933434, 93164814499 ,,,3343436 ,Μ

 

