uuussxw

1111111679 116111117741184. 1171111111146.14ι 1111116718 “
111111116717 17 legitima 11711 lubun ·
hfcjv290.5 1116111911 79. 11 ΙΨἯᾹ Ιώ 7. 111 8
ubuum ¹0·¹1 Ιιιιιιιι14611· 17·“·1ς·114·1811·
11111171.161141.1 1111111111 1877 1 1 6177611781
1181116117 1.ᾟὶἈῖ 118,ἒᾶ 1111ῗ1111611117171ὶ1661168.1118191,’11’1ο74.14.
1111111677 17611 916111 · 111111117.81171.7
11616611141.17 1111161677 11611916 11111717

. 1116111767 1111117. 11 11611767 unani-a 71.5

11111 198. 1 1111 176. u 1111111117. 11 11111118. 11 1167.
uffo 146. 41191, 1111111177 1111114119 1
18 7 111111116611116. 1111111199. 11 1111611117 .
1111611716 7 lenum4z.7 1111811641 ·
11117. ς 1 19. 4 111111116841114. 1111111.7111.6 1111111141. 11 -
¹¹4·⁶ · 16 18. 8-1 184. 8Ι libem. 1711617
1111118611 lebetam-13 1961611167 1111111111
lui . 5198. 7. 1111119. 91868 116111116811 lanionum
1616817 1461711176 111111177161169. liutmun-611⁸&
1111171171. 9 117. 11 1119. 4 16 16

, 111111 6. 7 141. 1ο 11116 74. 7 libet 16. 6171. ς

Ι1111177. 171176. 7. 15

1111117741 1771 1111148. 7 161. 13 1111111111 177. 7 1161
latebam 51. 1 96. 3 11116 1. 1 libetve 177. 19
1111611141. 11 1186 1. 4 1 7. 14 1161111177. 711711 11611671
11111114.161117.8 14. 9177111176. 1111111 6. 17111. 116711 Ι196. 7, 18
1111161177, 17111158117 · 1⁵2 ⁷8⁶ 8 Ι ¹⁶⁹· 3716, ¹⁹⁹ ω
1111 1111187 1161111199. 14 1161111 88. 71166. 116611111711411.
11111119614 116166178771114. 19. “ 17·
luto 77. 7194.. 7 1711171 1166197711 1111111878
16717 1161111711 1116ιί19717 - 1119167181117.
1169111141 116161177 168.8 11111111471 , 9118.717ο.5
1161611789 1161819 1815 Leuiodanum . 89. 7,1114.8
1111111111 194. 4 Ledoe 1774 11111111 17. 11 174. 471717611179.

“ lamium 116111117171176. 17,181177.1 17181718416

1111611716 7 ’ 1111161466 9716

hunum 87. 1 11711117. 16 11116814 1 17917 licuisse 11716

1111114161817. 4177971ἔὲ17 1174717146.Ι 11 1¹⁶⁰st 97. 171116.
68161791ἶ31111973. 13114711 1111181611114 ‘⁴ 11181154. 11 1 168.
1619717116ιέ 1171111147161177. 111161111781116. 1711701113218Ιι

balei: ³1¹3!ng Ι 117Ξ1111 17711 1111111 171. 11 limina 1163141114.

111111179. 15 legem 145. 17 11111179. 11 17.

. 14161111147.17 1171174.1167.1111111111774 limiummlmgv

111611111179.5 74.8 1 171.11 111111117716 z
1111611111 187. 11 191· 4 11111611 174. 7 1111611 94187
111111111791174. 117191117716 11111611,- 177. 14 11111144
1111117 11711877 1761 lingua 71. 4147.
11161111 17’4.4 1171111176. 14 Leucadiumque 171. 41 6717 1 916
laudas 191. 7 legis 11.1 1 97. 7 14 168.11 1 114. ’16
1116111111189.19 1171611661 11111771111174.11 1171 176.16
111611111164.7 legisseu52.5 ,1111 974 1177. 147.6 149. ¹3·
1111111111. 11711 11719417 14 176. 1111411
111111611171.1 117111616178.4 11111719 linguaque 117. 7
laudatrix 187. 6 legitima 171. 14 1111141. 16 177. 11

lingue

Ἦ ,

 

