11 1> E x
6ῶέῘὲῒῖ mmm& αιιιμ4116111·

‘l' 19114414116, 49 1147, 71947
14444 1441444,44116.169441111.11
61699. 4 41114714111174ω 16 1441141 ¹⁸³ muln„
Ι {caus} 16 1171711116, 11 616414361414ι
’6611611 11111111, ᾞζέῗέ ·

1464149416 91,719,41,44 11161449

14164111964 4197 91471416 141614194,17ο

1464444619 ’14441669 1416161411
·1·6·ϊ611·11····661·114 mem

14 1414641161, 41 1441149, ,61 4141 ’6911411744

1464411974 144911149, 46 44411411464141146144464
·14611141,14 14491416 94666744 1191 mum

ujtvssssslw· 6674471161 6·1··14··.61ι··414· 11 1
166136· 417111, 6661 “”1““”,’1,1
1161461, 419 14491416519147 1444614114 141, 11 11,, 11314761
1461191446 11 1176 9, 449, 9 111191, 46 176.
146114941414441419699914691441614441 1111944
16 1479444944 146. Tolum 441, ,47
8⁸an- 41 1411961 141, 17 4 Telamonem!
146461, 161749 144711161,9169,9 14 4, 4614, 46 Telemo 14
417 ιο 14414 6,9,1ο 1619 'rel 41 9.
141194498114144411 14611 41, 7,9 44, 9, 5
14144669 194,,4611477 16411147116141141914179.
44814469 144 91467, ,14 1911419141, 9 14 11471147.
1411614146 1141416, 4 177 441114417144. 17 1594
Ι’14114114174446119 189, 414714118, 46 tellures .151105·
· *144411444619 9 4671 4916191177,1111471464,9
m 1111 82.5 ,4 1411149 61 1617 441,414144,164,161411114,9
1111911, 1141171616111 ’1171111164 69, 6 9114149 1 111141144617,6
469 ³ ’1411411111 861 ω146117,,1Ῐ1 14 149114160415
1414111167, 61419, 848 479, 41464 8 466, 161496 46
1411141414, 17 3111128191, 41 111 1411111111 16119796,111196,4
741116146 7,64418 6191· 44441 1146617449
141149691441, 6 11616 1761461416 111,99 1446116494,
196 49 414 44191, 1171746 teneruit 4141
7111197611944 9 669646196,1,7164 4644 111611
4699 14114197 14 7,9 -,41116916 1941441141419419
14118611949 19119411 16.9 41166 911 6, 41 1146464469, 649
44114419,1,18 4,14664 441, 16619 1414614641. 7
191, 61144 14, 14 496144 97, ..61499 114111411ιί769
66691· §1¹7⁷ ι· namt 4
,1941 41, 1441614149, 99 11614449 1147416199 44
19149714649 14611164 templa 16616

94611,416,914499 1461616691467, 4174
·1.4416147 611 411446 47 1161119411

1411161 47. 111166 ,49 11116964 575 1147114496. 11
9646· 146491414711664 16616

 

