INDEX

4111116.191147. ’1111111111 1111111 911161. meta

3 1111111111. 1 111 186.11 ape 113. 1
11111911 11917 1111111111 11111111111141.3 Ι11111111917
111111111139.7 teum 16.1 98. 1111111118. rogum ,3
1111111111 111. 11 9193.3.7 116. menica? 1111111117.13

1111111 1391 7 merentia 5²· ιι 1141163.18
semmam-23 11111118111 11913 1111139 1178.11
11111111 16113 111 ι.9116.1134. 1111111387 141.14
1111111111 117.1 9161. ιο 113. 111111111119.6 ιαμ 19.ι 1111.

1111111 17311 ς 173114 111. 1111111117. 13 17
1111111111 1113 Ι 111913 11111111198.13 me· 36. 111411
11111177, ς 1111111187. 3 1111111111 119. 5 18
me 116. eo, 11 rescribam 11111111111131. 1131111919
· ,om 11111111111198,1 31131.13 111111114813
1191111111148. 9 1111111111131, 11 mixi 117.13 1111111 111. 11
11911113. 14’ umquem 111111111113ι.13 'mn-¹4
1191111114. 1 1111111 188. 16 11111111119.1 1161111 31. 8
1191111191. 16 11111111139 7 1111111 169. 18 1111 1114
, 119111114114 11111111141,9 11111411193ς.3 mium
,199111119711 1111111133.13 111111131. 13 1111111111
.1191111113.61141. 11111143. 14 1111 174. 181111. 111111 34111114.
· 9 11111111 131. 19 11 811396
11111111 31.1 11111111131.9 Rhesumque 3. 1 111111 141. 13
’ 1191111111.13171.11111111119.3 1111111119 ηδαίιιιι. ιο
3 1111113171. 11 Rhodopeia 1ο.9 nde 31. 1
11111111187 111111111.3118.7 111111713 ende· 7.11174.
1191111111 73. 13 8911111113 111111111.6,7 11
71. 13 116. 8 1131111 19. 14 11111111111148.3
11911111 118. 1 1119111111 199. 8 1141111418 · 11111 116. 11 1 181.
11711111177.7 11191111191113ι.8 1131149.61133.8 3
1111111119 1119111111143.13 1131111114 1141614311
119111114131173. restabat 111. eigile 34. 14 143. 1111111 . 18
*wau 1111111’3. 131111. ’ 11111111 .3
11111111178.9 3 1131111111134. 13 1111116317
117111199711717 1111111413 11311391 111111131.8,9
¹9²· 13 111111 63. 131198. 119143. 91 1393 1111111164.13
114111111199.7 61141.11 1111143. 13 1111911134.1ς
1111111116 1111111111111.14 111119417 , 11111111194.8
1111111111 18. 17 1111111111. 13 1111111431 1111191181. 131169.
111111117411 resupinus 17ο. 19 riht 161111 7
1111111111 47.11 111113111131. 13 1111111169141187. 1171 43. 1 1191.
119111111111 111. 1111111191.161118. 1 19
11 11 1111714 rupi 313
reprehensor 1919 1111111197. 1 116111 67. 4 1 68. 1111111111. 13146.
1111111111117.3 11111·3ι. §lm 11163. 31177. 7
1111141111 114. 9 141. 1 me 1119111111 67. 3
1191111111 117· 1 reticenda 119 9 111191. 3 ’ 11111 167. 14
1117181116111137. uehemens-15 11114714 1191113413

⁴ 4 111111111161.3“ 113111114117 11111167.14
111 34. 13 1111111111 198. 13 11411111 168. 1 1111111 114131141.
11111799 utinen· 116. 11 1141611117. 13 ’11
1111111111 41. retinentem-3 1131111 ²7· 15 1111’316.9

Ἀ

73 111111111111119.3 11311111 63.1 11111111 7. ιο 1 36.
11111ζῖ.. 111111110 1111111· :⁰ ’.11ἷῖ1 ¹1³*
113111111114111 1111111411 11311111111911.111 111111511111188.’113

A· 1111111 ¹

 

