V'OCABULORUM.'

1111161169 11611111197. 16 certamen 164. 13 1137
1111161433 111111119111116. 17716 11111611111683. 11
1111111938 14 tentamina 160·.17 1111111611115 .3
6111 ’119 11 11111131. 17 226. 9 111146 3
1111111198. 16 , 11111117. 81116. certamine 176. 13 11111318
caveto 12 ,1 17 1 1.1 t 111717
eausa 3. 1 Ι 6. 6 0111116113. 5 11116111116171. 5 11611696
16911518138. 111111 39. 31169. 1111117111 51. 8. 1116111174
4148416814. 1111943 11111464 11111111155.1
7816186. 8194. 11111117. 18 1 113. certior 53.4 citius 1ο. 1
16195. 81163. 13 111111754 cix& 13Ι 8148. 6 .
15, 1611116. 19 celatur 57 9 certius 75·7l2⁰¹· 116. 6.·
11613113411 1111111ἰ1157.3 . 7’ titan-7

14ο.51147.9, 18 1111111111166. 13 111164911 11161431

156. 31158. 19 celeberrima 41. 3 certus 65. 51149. (1111111511

179. 61181. 18 11911 11188171131. 1111111111 81. 11
181. 5 18618 1111111111 116, 4 19 11611

1966 19916 1761711147·1111111156111165. 16111111489
16411116761111611114611 9116917 111111111671116. ’
1191111618 111111111143.7 ’ 11111131. 5 , 5

11116 224. ¹4 1111145.91161.6 cervix 111.1 -11111111111111779,
11516 11615 ’111111611918 1161111568 clamanti 98.1
131. 1711339 111111131. 61 51. 1119111611911 139. Ι111111111111116.11
1388114611 11155.·1 11 ·111111111111111.6
'nusi 118. 111113, 111111, 184. 3 1115. cespitis 157. 15 1111111148. 8
. 11 ’ 16 111111 11.6 111111111613111
111111111611176. 1111147 1161111541 111111611168. 91155.
13116631138. 1111111161.16 1111113516. ’ 9
111161.41174.4 011119111191.17 1111111913 clara 168. 51179.
176.141191.14 1161161111 141.9 111111 8111116913 31181.11167,16.
111.31115.4 ι111116116611144. 1358 1111111111 1613
1111119111 111. 4 3 0111619115 1111113611114.
1366 ’· 11911111175.15 Chalciopeque 191. ’,7
11111117. 71114 cephalo 141. 5 1 1111111. 1144. 7
71115 1165. 8 01911111361. 0111111194 117 11

13913 0191611451 ι 06111161156. 1. 11111161195
11161 111. 511131. 11911116131131.,11111116 111164. 11111114141158.

’9 Ι 1 4114116 Ι 11116911
1111111314 1111131 14 1111111194.1ο 1111116111144
1111111184. 16 1111113118 1111111515 111111117.1175.9
111111 151,81119.’ 111111· 665 ’1111131115315 1751

18 ” 1111111448 1161113913 1111137.9193.15
111111119814 Ο11111111191.3 1111111165.16 16611
Ι cautus 5. 61 204. 11111599 , 1111111169111186. 11116111653

11165 4 6111111137. 7 ’ 16 claudere 195. 13
,1111161111619 1111111197.17 11611911161.16 111111111133.7
11111111131113. 1111111198191164. 1111111199 ’ 1116111113 10

14 7 1116111 1111111176. 10 clausu 73. 41 134,
1111111134. 16 11111119871116 61111141171.1 ¹. 1

cecinit 18. 14 18 11131199. 17 1111119111139. 10
0111691 161. 14 1111111841 919111111911 1111ο116,3
01116ρί1116 117. 1111111391 1111111618, 1111111199. 12

15 , 1111146.4156.11 (31111611795 0111111161 171.1
011169161161.19 195. 81 118. Cinyraque 365 Ι 191. 19 ,
111119981119511 15 06119611193 1179161117,7
1111111177. 8. · 1111111114 ² 1111111136. 1.Ι 1179111131.9

· Rz 161611

 

