. nucibus 97, 77 87. 91777 8 71777.77

INDEX

87877777 7797 8777777877 76 7 87777 74, 771877
8788877679 877777767. 77 877777 777 7ο 7749 76, 77
8787747 7 87777777 71777, 877777771777. 777, 9 778, 77
87774,7,17476 79 7.777 7.777 77787
77817677177.7 87789 77. 9197. 7 87777 77 71777. 8787777. 71779,7
6471777, 77 778, 71777. 7 79 777. 77
776. 71777, 6 779. 91774, ¹7 8777 97 ,77 8788777776, 76177.
¹3²4 fecimus ¹3⁷· 13 8778777 ¹3⁹· ’74 74
§mque 777 77 8778877779, 77 87787 37. 771777. 878 787,477777 77
877787 747 8778887 777,7 77 87877 767 ,4
8787889776 87787 83. 717874 8778777776,4177, 8777749
87776787 77 777. 771774, 7 877 747. 87 7,87
intentu 7768 8 8777 77, 61.7476 771777, 77 777.
fateor 77 71779. 8787777777μό 8777787778, 71774 7 78
77 8788777779, ..771786 8777777 35 867788. 7
887777 778 771777. 71787, 77 87777 77 771744 8887777, 4.17877
9 ’87187899 77 676,6177 187, 88777747
8777787777, 77 8788787477797, 15 771777. 61794, 8887777 777 .79
. 8777 77 61777 8787877767 7ο 887777. 717777
877777 777 5 8717777 ⁸3⁰ ς 87777777 777, 77 8877 77. 7
877847777779, 74 878777777 74 77 87777 47, 717 9. 77 fid· 39 6
87777777 797 .77 8788787774, 777, 7717747 fidam 48.

mantum 8718749, 77167, 77 87777 76 717 7.7 6 887 7768177, 7
877879..6177 7174 35 787. 781787. 77 747, 717747 779.6 777, 74
964177971767.7 788, 7417947 87777 77 4179. 77 787, 8 779, 74
7.779 7747177477 8.9 7177. 74 776 771777 76
8777 33. 7176 7 8.7774ι 77 77 7 777,6
87. 717777 87774, 4177, 77 877777 777 71177743 8878777 786, 71797.

mm 77 47. 7 77 77 771777. 78
877777, ,77 777..771,7777 76, 77 8878677747, 77
8777797, 77 877776, 7778816 4 877777 778 771777. 88718749
794, 8871777 747
8777777477 87 77777 76178. 77 887777 67777477 77 687
877777796777 771777 741797 877,77776 71788 7¹· 76 777, 4
877768777479 77 77 77 744, 7 7678
87777777776167, 8777776, 8199, 77 877777.717877177,7 778,4 778, 7
74· 877777 68 74 778, 771777. .77 777, 77 779,7
87777777 77 7 · 7777 em 93 ..77197 7 747, 7 777. 74 747. 79 Ι
87777777 78 7 777. 7 87777 77,7777 71987 747. 6
8777 7877 87777 77. 7147,6 774. 7 777, 7 8877977676
ruet 60. 71797. 78 8187 7817778 nm 774, 7 8877 77 77177 77
771777, 77177 7. 747 7 777, 91777 7 76. 7167. 76 777.
4 8777746, 771776, 77 8777 69 77 77 777. 77787.
8788777777 789, 77 8777778, 7717778 77 79991777,
87787 77, 74 877787 779. ,7 87777 779. ,77 7
maique 331 8777 796, 771778. fer 717797 771747. fidesque 777 77
Faunum-4 9 6 fiducia 774. 77
8777777479 8777677797. 77 87777779 77 7 9, 7 1 787. 7
87777774, 76 87767787, 91779, 7 fertur 52. 71 68. 787, 3
87788 7777 8777777776, 7ο ιο 887777. ,7
877787 239 7ο 87 mun 767, 7 serv et 794 76 87777798 74
8778877774. 77 8777777747, ,7 8777777. 77 87, 7 8788 77, 7147,7
877779, 7417977 8777777777. 71228.¹ 777, 8. 978777 777. 771766, 3
78 797, 77 774. 71784, 9
ferent 65 6 stru 77777777, 71777, 78 5. 741777. 4
87878677 7747 {trentem87.15 77 877777 7474 fi
77

 

