10191919199

1119119919 -·1 6191111196.91199,· 169,4“1999.1 111111914
1191916611191,9 9 999, 9 1991611 1ο9, 9
111199919 46. 41199 619119196, 91169. 1191119111 199 19 1991191991 916 9

19119619 · 4 1111199199,91191,1 tumidum 199, 9
119199144,41194.1111919114,·4 91919 9949

. . trucemque 34. ,19 1111194, 19 9919199191169619

wwu⁶·⁷ tmiam ¹⁶⁶⁸nwmlffl·4
mlum. 19 1111191111ιὶ91 194.- 19 1919919199
1191991991·91,9 9 -· 19611194199191191999

196. 91196111 11991199194.16’1,91111191196 14.1991 9. 91 149

119911ὴ91149 1191111449 191991199191199 9491146 19149ι
1141111166, 6· 19199111, 19 1919119, 69 ’1 99. 611. 3. 7841176929
“33313'6'23 ¹⁴ ·33'. 69116661919 1961111999, 16 161. ,9111414
mmmm 9Μ4Μ91Μὼιι9 mu·wm
4669911641 4 91499199 1919 19 46,11 9949 .
wmu3⁶4qu⁶nmwnmmmn
111116,ι ¹4 7¹¹ 3312 803· 6 61111666·66 ¹⁰77
111611999,,6’ 949196,9.19 11911 119,1919911199,4
Ttiuegiae·u9.4 9919191169 ὐ,11914 1996 191111119919
’1119916999 91199191994191991999,1 · 1996. 1116. ..919
«1141199495 9469,199. 11 19111991 1419 19114661994
triplicium 961111 99,9 1911191199, 919 6919
9199111991 . 1199 1 116416 6919 99,16

υὼψωῶὧκΜῇεἽμψῖπψψη
8²¹

999, 9,1 196 161119 1
1111991919,641991ο111,,19 4119916
1161111999 11161, 116.1.’119·ῐ 14110,1110, ² 1961611411θςι16
111661666619. 14 1194111149 19. 16111,616 166 ,14
991919 19,191911191,11,19 11191991 9 ,9,1116 ,19
11166199419639 6119, 117, 11 1161999691 19419 .
Μ1ῆυ9 wmwuwfflw4 tmmhmo
199, 19119619 96,19149,1·,44 1911449,619146.1ο 941619911116.
mstmm¹mmw3 96·16 umww
111661619916 49,91919718 6911 11911 491114 6166
’11119969161991946 199161 196,14 9169, 11169. 4194
n .. ¹ · 19649. ⁶33 33·· 999. 16 4 1996 1191
1111911111 969 119. 16 1 1996 1916111996 3 961419919 196,
11191996.19 - 16416116911 16 1119914 196,
9191199191.11 911, 191999,Ι 16 191113199611166, 6 149, 6 119.
91119116119469191991199919 1111991 161,
Τ1991119199, 19 11166 3 1919 11116 666, ,9 67.14

’1991111691 - 1414199.- 9,6 11199, 9 149, 1996191199 16
'rmum · 99,191914,119 1911116, 61161

Τ191611191,,1ς · 66,6199,6196,19 tnht8.3 919419 96,9 91. 9196.

’61919191 91.1ο1,9911194141,11149,1 6919411999

19916 14619 191, 9119611 19 141, 96
19911 19911 919, ,16 14.1911199.9

1941 161 ς 1911196191 194, 16619

· ,9 19916 161,119149,16 199 19116999, ,9

1996 ,11161661 9 919, 9 919,19161499119,9
’119919 11· 941, 94 19169191, 91141.
11419199941164. 6929111641 1991111199,11 9

· 1919199, ,·,191994 tumeseebat 116.1916119199.19
1191191, 9116111 196161199, 19 3 ¹ 1919919199. 169Μ
2 161 6

 

