INDEX

' 61111 11661114· 1111661111 mim-⁸ 1111 ”mbr-⁶1⁶¹·
2 ω1η161611144.7 1611111394114ἐι 161698171.η

,6136111116 1116161171. 14 natet 13. 14133. 169
11111611186. 1111111 18. 11111. 9137141461 meam 16681199.

171111, 1116161111 6611681169· uum·
111111714116. 341113611176. 1317.11, 111117314611

’1113611363 1418411 16111191163.13- patinea

39. 11 163. ις 61111111 16. 11191. 6111611133.1ο metum 14. 1116.
6.4 66911 414193. 13 161111118771163. 17139.11141.1
664 769184. 946114618. 1 Ι 11313113613
1318113 1116111.716.16 1111111111 194166. 1493
11111116161119.’ 141613616147. 16 111611 38. 9 161. ‚
111363 6131. 111614 61111683.9,161ι“18. 3163. 91813
61111311 16416 71. 17177. 6178. 1 1 131. 6 113. 11 1963
11111184.111134; 6181.13184.14 matrem 66. 7174. 111611664163.
14 . 91 819614197. 61 116. 131176. 91 1161611911
161111113711161. 1611137616 14 19 Ι
13. 161. 18 1111111113. 17181. 16161111 663
1111111147.17 1111611168 8 119.31146.8 111111113613
111111111411194. 11111113.1136.14 1 ,1 11111111;ὶ1131.16
11113613 134. 64.1167.3.16 11116179131111. 11111611331937
3 764169. 3, 17 9114113 medii 167. 13
1111111 1931 161. 7 1 168. 3 1611111 13. 19167. 1314
11116 43. 3184. 6 6111116143. 11 1173. 31161. 13 11116111131166.
1169 111111139131138. 1161 Ι 1397 1
1111611617 6 19616 18613 11111111941
1111617161 67.9 mati 111 113 1 manisque 23. 3 medus m 411131
6111117166 31118. 61111111 161. 17 1111116111 47.3 111111116ῑ11131.13
ι17113663 11113ἑῐ117. 1211193. mm? 1869 6191161616 111.
ιῗ11116111116171411 ’ mma 38. 14 1111111 186] 63 1111311ιῶ111 16611
1611111199.11 11111115134.17 maxima 163. 19 ¹¹7·§

' 1111111177 611111111631116. 1834118613 1616111131.11

’ἱ

1

16111111499 1311369 189 611691 61611116117.13

mandata 116. 17 1111111111 17613 1111111193.3 medicorum 11411
131.1,31149.7 1616611199 11,17.1418.6111. 6116613111111.
1733 ’11111113971343 11113.13114.13 111168.161119·

6116111191111169 173111 17·9.17111.9 11

mandati· 17. 16 1111111113.11113.7 11.1114.7,11 111119661174.
1161811193 11611 13. 91317116. 111166171114.

366666663636716 ιΜ9110491610 63116463 1117916663. u, 13 61116661 1668
111666173131136. 78- ις Ι 83. 13 194. 111111. 4 1111116171

1111 117.161146.19 6116661197

·· 11161111341138. 6116161114131167. 1111133113 16. Μ1666119618.9

111166161911 611161612661197 6661 11786111Ι 32: 1116666161.ἓῇ :¹
1111111111.1ο 1111161611 76. 11 11137.114.3 mei 5. 61148
1111116346 6111116111 71. 3 43. 1614616631. 179 6611171·
161111117381189. 11611 1616 1617 .3183. 13
7 marmori· 131. 8 11118. 31761 9811116714
1116111611 111. 64 8311161111177. 6119611361

1111661361 1146. ’1111117411 11199141161. mein 6. n 1 711
1411666 1111111311113. 111113111114. 1314116614

*⁴- 111116111771131. 1613371746 16114618 ,1711194

111161 8111 11111118. 1111611116 m

 

