16
101Ξ7111141.6
11191144 1 1 119.

91191. 16 199.

411692 140.

11
accumulat 147. 6
2<¹uft22m5
11111416
11111161. 16 ¹22.

71111 111131·

1
61116171 31167·

11111 ¹7
A‘kazm 19. ¹7
Achesso'i. ¹7¹·9
1111111199. 17
Achille 11, 9 1 19.

11 11. 7
Λ11ι1111111 11. 1
1111111111.. 19.
1111111119, 9
minda 77. 9
Achivis 9. 6
acies 199. 1
Λ111111199.111141.

11161110119641141.

aginus 199. 19
’11 1111167, 1

minem 11
1611 16, 11 1 60.

91791111 111.
71 11411117.
1911091
111191...
11611111 111
1161111199. 11
,1111111197
1611 117
1161111111949
Λ611111111 191. 14
,16617917
16111 111. 9
1611111 19
1611161. 17 Ι 160.
1619111111 119. 17
acumen 141. 6
a( ⁹¹59. 10
acuti 5¹⁴3
11611111. 27. 7
1111111 40. 11
[1111111196

INDEX'

ι ⁰ 111111111961191. Α69.1116.ἳ111. 1661111769 1611111111ιη“96,11

1

11111.1111916111.·.199.11 κωκυέσειὴ ’

11.1.11196.41111111149.17 “tumtum ι

41. :4 1 19. 1 111111111911 161111111109.ς

ιι 11191614 16111119 41 64. 16110111 116. 19
6111161111· 1, ¹947

4171 9911719 111014 16 “nanque 111.
99 16110610 1111111 1911 . 9.
1171911111 1611111119 ami 196. 19,
111..191119.10 161111119 14
1191611101, 1611111794 160116111179.9
14111991171. 1111111 ma 111111119911
7119· 61119. 1611169.10176.1 16110109.191190.
111119411ιῖ. 811161111111. 9
16119191199. 111197.141179.1611111160.1
111.ἐ.191161. 11114111167 16619111 1419
1,11167.11170. 1961111111 41.11

61 171. 61 114. 111 19111610 16μὲ1111761

7 176, 41114. 1910 1661111910
71166,91191.1 16161966 16ῆὶ1111999
196 16119719 1611111 1998 161ιὶ041111 174.
168.191199 11 111111 19. 1 1 96. 14

101. 9101 119. 41 1111171119. 11161161191
41111 111119. 1 161111114·. 10 ·
1611111 111111... ,1
111. 11116 7. 11 16κ111911ί3Λῧ
17111911116. 1111119991 110. uveni 41.8
8,161199. 11194. 91146.111199.7 11111167. 61199.
61111. 11113· 11111 11111 ⁶

19119916 101. 91 1099 1611111997 1 69.
1611111111 101. 9 111.,41140, 9 ¹ 1 194.)

1611111196 10. 161111111911197. 16111101 1169

1111111011 1466 161116 79. 9 Ι 119. ““111ῗ111.341 161..
111111 197. 101 17111116. 141 ²¹5· 71111.
1661917 161. 1 18 6111911
71. 16 1 119. 4 ,1611111111011 1611111191. 9161.
191,111141.14 16111119914 9189.71191.11.
139. 7 1 106. 6 1611161111110. 16 190, 7

. 166111111411197. adjuravi: 116. 9 1111111191. 11

¹4 161111. 9, 9 1611111111.1.1169.
addicit 91. 9 1111111 197. 1 8
1661111141111169. 16111011799 1611110919

admisu 109· 19 1611111111 91. 11
161111610189. 16166191191. 11 1611111118

111917 ' 1611111671. 101109. 1186611919
1661 1614 14 1611ιέ68797
1661111117166. 16111111 109. 111 AEatide77.7

6 ⁴ 108. 19 1211161148 1 80.
1661111199. 19 admissos 4. 9 , 11
1661611110.18 161111111109.9 cde 71. 91 116.
1111111197 19 admittere 191. 1 11 1 199. 4 1111.

,166161011919 admonitam. 19. 9119919

adduxerat 119. 19 admonitu 94. 19 86111199 ·
166111111919 19419 11161196. ”aim

 

