W'OCHABULORUM

poterit 44. ..4144 464141444,4ι 918111661416 811258882‘118· ,13
141144,-.111189 precumque 164. 41616 6111466 . 11661141611118Ι ,’“11 ,
199ἐἰ 1··39191 1 1931969916·182131318361313 Ρ91393993919·’9“9’ ‘
919111 9116Ι 99181· 11999· 19919999·9198 ¹5 ¹⁶⁸5 ''.
40144 46194 46 10 precantia 167.19 1891111111111181.Ι 8Ι
3168183193. 161891 11Ξ18831311363 1313 gigantinae? 13141. ’3343831313116831333
1116141118, 14 4111611869 14 19111146 14,,1414
148. 411464 411111.11161894 41111111, 1411416 33 7141111144.
4161313133436313184.9 ’461ξῇ’1313831131318 4113181311, 141484. 13””3333 §.blm
9611111114 17 1141114416 11111 4.11661461 ⁶9 ²4
9611611114 4 premeditatus m. 4111166114181911 ‘135⁸ .
46414611411 ν 7. 155155.7 41116ε141.41144.
46111619.1168.14 411111414114818 11111,6111411841194’ 1
683131’8313.3313”33 9113188366319119. 14 41131814. 6116. 41171 4388813813 139861171
41616111,16114,641111666181 191, 141 1.14.911414. 1 .
²¹· Ι3177 5 ¹0 401514134618 1888118831· ¹¹l⁸7·7
,4316161814411114441166111184.4 68,14441448.41111164644
1111118681..12818ἶῖ888888 ...³..'..¹.¹.⁰.'.¹.².. 118818. 1118 ⁷
87 ,16116914 4114111149, ,11 41111114.16 4111161111 1814
4161611964 4114611111 48 3 9161111661 1616 4111116141,1 -
9111114 416166, 911461161141.14 premendo 869 4116166146,9194.4
16 41146 46161164. 11 411611611416 1669111811
41161114641196,411146161111 16. 8 premeret 141 9116111119,161181.
11 · 6181114114 111911199141144, 16.1184 11161
9116181661444 14 ι 41161 4.·1931
1111991919· ·5 8119161864 1939699991· ⁶ 91 3911991181· 1
4111611111 9 4 4111161161. 416611618414· ,1191411914
4111 1111116. 1 4114641119, ,14 411166611,44 ,11 41161184. 41111,
4116111414 41111161 161,14 1918191 mom 11
9116616141. 16 141. 1114416 4166666111.1 9116161444
41.ιπ11611661166 1181811486 1111611194, ,16 91111461111.14
, 9111161116. 11141, 91611661146. 4. 41181144144.16 4111146648 9144.
14146.11446,416111111114.ι 1641111618 6
,1., ..,. 11111111 ..16. 9811111111
91111191,461184,4 praesentiam. ,14 1116614114 ¹ 1168141141
41161111114,4 4116161461181 11188166169, 11 , 14 ·
4111116611 144.4111611114.4 9118116199.911 416 4. 11111, 7
' 7 1111111111 19961 991 199 2⁶· ⁶. 1, 111119
411111166114411 4161661114, 1 9111118184. 4 44141 44, 1⁸
9111116616. 414 4111111144. 41198. 4111111166, 111144. ςς, Ι414811161. 1
91111411188,1 4 2 4161614616 Ι
praecipitanda 154 4111111144, 14 41111614, 41644 4161161689
· 16 41111611461114,4 4111161164141161. 91611611811
· 9111146111844, 14 4111111144, 414416 4 41611661 864
912c5pi1598. ,16 , 16814 pretiosaque ι1911, 4161161181. 3
4111114161 4491869 41161111144 . 14 416616111441 ·
14918 . 1699114419 9111166141. 916916 4161111184. 4
praeconia 91. 11 4111111111149. ,14 141. 14 41661111116“14
1641411894 4111611116414 81111111 441114 4161181.18,’ 18

4611 3

1111161119 16 411111141114. 11 41. 119461 41611116111664 ·,

416,

„N

 

