IN 111111

Ι ’1111111116 111114111111 14114 ,1411111144
1111111164. 4 1111111 111. 11 ’11141ὴωί44 1“

’1611621166 710174 :88 3¹⁶¹3¹8¹ ¹¹¹¹ &8¹:¹¹¹ ¹¹ wu¹¹¹¹¹¹¹=¹
'¹5 111111111111111, 11111154667 611.
16131ίᾷ4176 6161114414 ωι164131114611ὴ33161141114-1611ὂ41
’1111111114 414 111111144. 11 111, 11 imb-
’4144441144164 1111111141. &¹¹¹8 1411141111ἒ 3
1111166.64.1111 1111111141111 11111166610 . ’μμ
111144,6141.11111111771411ο1 1111161164 “
Ξ””· ¹⁰ ¹⁴⁰ 111.. ,,.. 8:83¹} “22:8¹³'’*⁴
33335‘332213350 14 4444147146 11114 ¹¹:⁶¹ 111141114114114114
’ἴδ’ .1.... 1111111117*
111111 1111. ¹375. ,14 111“.11471 61144. 1.14Ι

4111411416111114114 114 8532 soz-8351215n
11,1,4,7111,1 11611411441. 111117 41411 1414

14.4,1,47 1.11111111114.11 4611041614146441111111141414443.

14114,1411.1,11111111.11417.1 171161 1116
14,1ο117.1,4 114. 4 1’1.41.14 4411 1111111711
111414411117 141. 11 1461814 141, 4 171. 6 11111 4471164.
1¹5¹ 9¹ ’1111 :88¹8ss ¹⁵³23¹⁶¹ :82:81¹ ¹⁶¹¹¹¹¹¹ 1114611111114117
ο11,11 1 111.1ο11,61111141 11141111111111
10161141. 14 timorque 44111 · 11 111111141, 14
’ζ’ '’3⁵¹'' ’,·..” ’51111111 8¹¹281¹333¹²⁴ 1111311
131116141811164 ¹¹¹ 116161111411. 1111111154111311746
141..111111461 1111111111441 111411111111 41 ιο 114, 41114, 16
41144.41141.111111114111141111111.,11114 1444
1111441,1,11 1111111111. 74141 11 1111111491, 17
146. ,4 41. 71161111 111411144,4141,1111ω1174,14
1111411111, ,4 14116 71111111 11. 7164.
Τ11..4,1111 11 111111..1411,11 1111111111447 11
1141111116 6 41. 14161. 41144. 11111411. 111 6111111611
(141111111116 41161.1114111111 8 1111111111,4
4111444441174, 1111111141,16 11111111 111 1116111111 46.11
ῃ 11161411141. 4 1111111711 114. 11
1111111114 1111611176 tom ¹39· 1 1111161114, ,4
4111111114, 14 1114111168.4 1 totum 161 141, 1111114111 114, ¹0
41111111111411.48 1111411144, ,11 14147.11144.111611111141 44
41441. ,5 1111111111 44 ,11 71114, 41141. 1111111141,1
1111111114 ,16 1111111111, 1ο 11 1111111144,16
4116181111 1,41, ’111114 46 8 11111114, ,11 111111111111. ⁸
1111111111, 7 ’1114111111 11 14 torvusque 35. ,4 11111111α4ο. 4
1111111111 1176 ’111118441141 111 14, 4114. ςι111114111111111.4
11111111111176.17 1 11.1 114. 17 111113141114α1
1111116114611 ’111111111441 47, ..11114 4111, 141. 16
11111117,4161 11 11111111’ 14, 4,18 4.7 141144, ,4 1111111111, ,14
1114111141 1141 11141114. 41141. 111111116144414
, 141144,61111, 1111111144161, 1 1 1111111111.. ⁸3⁴5
41141,4,41111,141,16 11114, 4144. 8 32
11117. 41111, 1111111144, 8 414161189117 1111111181, 17
4. = 11111111141111441, 1111164--14 11111111 1496

 

