INDEX

*1618431113 1111111137 1318167 33.6137.417.11
18Ᾱέ8· ¹⁵ 8Ξῖ’.“’9 ‘⁰:¹⁵5'.⁹·⁵.!¹³⁷· ⁰¹:1¹3?ssss '⁰⁶'
o 138811 0111118123831134, 1111813131531917 Z 6118817 m
181111136. 11 8 ' 31134111οὲ3 1111111813
· 1111116311 0111113314 1111111331 1111111 171.4
obtutum-3 011111111311136. 6111118311 61111333Ι
181111114313 7 111116.11161.11 111111 .7
obscuro 111. 16 0111111141. 3143. 87.13131.111166. orba 16. 116314
1111111311 6,13146.16143. 1111136 83. 16111111
obsequium 34. 6 3 1 3ο. 13 onusque 33. 111167. 137.1ο
1111111173. 3 01161143161183. 14 orbe 6. 7 1 11. 11
1111111. 6 4 11111 131. 11 11. 11 3341 31.
1868111147 0111337 1111113311 141 3161131.
11611131. 18 1111111111114. 13 ope 33. 11 1 33. 16 13 1 144.11
18611 11. 3 Ι 67. 7 111161114111, 113. 61131. 11 0111111163. 11 186.
..1881881 ¹⁴ 22:2{33352 11118111· ...1131 olm·
1111111138131133. 1111111117. 16 13138411133 11
3 officii 234. 4 1 178. 111. 1 11111113. 6 1 738
obstupui 166. 13 3 1111111881Ι 37.131133.3
1643 11111117171161. 11111818 11811
181111111813 - 18 1111111318 1114. 31 11.14
181118311 18111173. 41186. 11111111313 1413311717
611113116311113. 611136 111111111. 14 311 1633
8 111111611181136. 1111 8. 81183114. 16313 16811
181111118116 11 1 13. 14147. 0111111733184.Ι
«1111111311 616111113331113. 1 7311784 13
11111116316171. 131111131141. 1118113111 01111783
3 18 opis 31.1 0111111 84. 1 ,
occubuit 33. 1, 033311 33. 4 oporteat 133 3 0116181. 1
1111111183 Oleniumque 113. 111111181 1131111147
1111111111. 13 11 oportuit 61. 17 origo 33.,7
1111111181. 16 olet 14314 oppid: 138. 16 6111034. 11 13313
8131111118·3113115.. 32533{‡.⁵,⁴7‘s{⁴a 01÷23223L¹1⁹5 ¹⁷
occurerent 16 7. 1 111164. 6 11111111 164. 11 Ormeni 83. 4
1111111113ο.7 11111114. 161117. 11111111118.18 ornavit 331
111111111101.1ς 111131.13 1111111141. 3 11141. 3 1433
611111144111116. 1111111133 11113111136. 13 6331111311
1111111311 88. 6 optabo 114. 3 11111 113. 14

11171184. 313318 11111168. 131 187. 611111183. 13 orta 116. 171 133.
11311 3111313 11111111 1843 1311386

oculique 116. 17 11111138. 14138. 1111118313 1111164. 17

11111117.1113.4, 3161. 41131 11111114.3 11111168111133.

1311111 ⁶⁶·⁷ 99·¹7l¹¹³·4 ¹¹⁶· 011111111· ² 21 ²²9· ¹4 Ι ¹35·
141136. 11138. 61 131. 3 1111111138. 18. 3

1311637 611111111817 111111111811111. 11311384

11111183 3 11111118.11118.3 161131. 17 oscula 17. 4111.

oculo· ,71181 38. 3181111111. 111116.111137.11 14117. 16133.

631133131117. 11114331161. 1663 11143. 311117
31113.1,11113. 3, 41 1738 1111113 311648 1133

1111111313 136. 1611436 11116. 311311

omnique ¹45· 17 2 143111 14318 16. 11. 11 Ι 37.3

1111111131117. 4 13316 4341338174.

11· 11661 ⁶9· 1111110111 τι ’1181113313

 

