’,11777 65. 51777. 76177 7777717581111777117177 754, 6..7Ι7 77186
77 7717577 977717774177.
1117717176781190,111071.5156.757, ifl÷fflfl 818, 11714,75611ι5.7ο
77. 7. ι
117777756 74 7158, 75 1ω131781788 155, 1613511751,ιὲ
1117777757.571177775771774.777 7517778177, 77
1117171577775,8 7177578677757 75 1756177755 ²⁸⁷ ·
1117117775 ⁶. .5 775. 751776. 5 7777577777 76 6 1777117575
1177171577 767 7 757. 5· 17757777Μ775. 71767, 1777817757. 177
1117177755 111771 776, 4 774, 75 17771117775515
1117775. 771755 8.177 6 765. 1757777765, 76 17717177777
777, 51755. ¹3 757 765. 751758. mmm* 775. 5 177577177771. .75
766751757. 76 74 775. 771778. 7575 17777 75617,
187777777667 77 757. 77 175767177775 7717557 .
7117 5 7751176, 5 1117777775, 155. 5 7777777557 7155 17771788, 85
· ι7,7.175 181751. 767. ,77 785 78 76 1777171775.75
6176. 5158 787. 771 778. 7 17751777. 15155. 1777171117755, 77
5771557571111. 755 75 74ο,7 6156 ..78Ιιοι. 77777117 ¹⁶8 7
77 45. 71 1777577777. ,5 777, 7517556 7757
77 45 74 57,5 77 7555 787,17775157775..75 177756775Η771755
57· 11·4611 3· 57 ¹³ ¹⁹7· 811016· ι66168οῑ ²⁸ 1174· 5 ·
1 ο 51676, 75 751755 5175. 17777776 ,751757
5,ιι.165817ο. 1777577. 5,1677 76 5
915 ο, 6 7 ⁶⁹ 69 7176,9 715755 1771777775 iseum. 71757.
93· ··4 ¹² 9 ¹ 804· 511187 ’6111166513 ¹¹ .
¹¹³ 888118 ’.·7· nmo-⁷⁵ ¹¹¹·8‘ss‘1118²¹¹0⁸¹¹⁸=¹¹¹³8⁹
1111711671. 77 1781111117ξῶ ἰ135113165756 μ 0 magas&
Ι11177156. 7, 71 1777177775, 771758. 177177157756,5 incertum 57, 7
1117717755. ,7 7775177767 578 1771761755, 77
711777 75 77 57,7 1717771755. .75 1751177117766 1771776167. 6
11177 758. 5 757,17717777757,7 17751777 7755 17715757756,5
11111, 111159. 716. 121111111767111717755 131117111711 1111113561. ⁵¹4
5. ,ιι17. ιο 8. ,5 7 1757777757, 7 {sonituum
55177 77 7517777777 777. 8 177571777ιό5. 77 1767777755
511.77 77177 77 755. 81755 7 1775776777 777, 75 incl-sm 77. .4
5178. 77157. immensa 865 17576777788 177717.6787 74
. 855, 77 1777771777Η751777 175717177767. .75 7777757777 ¹4⁶ ,75
11114 ,5.715 7775. 7 1775717715 8771 17775717777. 7
71777. 76 ¹3²· 1777771757. 51766, 1757171119786Η5157 17771767
1117114711817176 1711717745, 75 1777171717 55, ..71765 1111115111153753187,
111175. 8 ιο7.17777771117577758,7
7,.775 7 171. 1777771711778.5 517 17577117767, ,5 1777757787 -
,5.757 ι 205. immitterem 15 17757711 777, n 7777757787 776
7,· 517785 177777117177οο.7 775. 7417455 1777767757. 2
711 nc 46 77 17777177775777. 787, 71755. ιι 17776717757. .·75
1ll1que 557 1777771755 775. 51775. ιι 7777767777 7757 .
111 73, 75 177, 77 17777777556 756. 77 1777171757767, 7
67. ι 51777, ιι 17777765 impu d.en·239 76 17771777876,
776, 751767, ,5 1777577776. 51777. 1775717757, 6 1777167555
768. 771787, 77 5 1757117775. 77 1777771757. 77
7757 17577117755, ,75 ampulsaque 7788 1771714, 6167. 5 ’
1111777777, 7 1777677577 775. {mputat60.4.. 77 715 ..51555
1111777567 8 177, 77, 7715, ,5 751776, ,751111
7

 

