INDEX,-

11191 1791 videam-1 16111 glum
196.1111ο8.16 1111619161151. 1111116111 “a 111411 ς.1“1 614
¹¹4· ..11111 7 1111111111111.17 74.18.1 11
²34·⁶ 11111111116.1 :vitiatus-¹5 111111. - 111
1111111111 1715 - 11611161191. 17 mutunus 1414181111.
1131317. Ἓξζώμω* ” 1131111... ·.. ⁹12¹?ssss
1161111111] 11166131. 14 164. 1011 - 1 1916 m.
111111171118. 6 11111 179. 11111411 -3 17 .11 116.
ιι 8 19116 119. ultum 11111 8 1911118.
1161111816 5 , tw! · 11 -
1111111114 1161141. 111911 11116 ς6.9 1 119. 1111111118 .
ultim-15 11ς.111169.19 , ΙΙ 11111161161166.
1111111117 1911 *11511111717 11
vieini· 1611 11611116161161ς ,11111911 111411111οο.91196.
,11111916 · 168.7 11111116141118. 111141.
1111191. 11 1111111171111181. n 1141111119.
vim-¹1⁸7· 11 ¹5 1111611111 111111119911114.
40. ς 1111. 6 1111111146. 11141 'hamar 1119171146.
116111 111111 11111181 111. 11 maffia? 17691. 1111111111 18. 11
11114 11611116. 161319 ,1811114 118.11169.1ς
11811818 1111 1111111118 · 1819
11611111 117. 1 1111167. ς 1 1917 111111 1111161. 1 111ςὶ111111 ¹⁶5· 16
116111111 141. 1914 11611161111119 1111111161

,11 1111146.61148.1ο ,11111 1111919511161. .
11611611 1716 1911 11114 1161116141111161. 116.ς l 114

1161191. 16194. ,1111 114. 189.1 11 . 16
1111111711. 6 ν1111111199. u 1116111111151119. 11111111191111716.
:mg-⁶2¹2& v“¹1¹3¹,⁹1⁰5{4'6..43[57'.¹3' 11116161 9641111. 1171611181116511
511716 116. 98.16,111161.7 Ι16 18171111811
111191 198.11 1161111 194. 11137. virique 161. 11
&ameum 111116 16 111111111 16.
1161611844 vicianum! V}2d}t¹2²31·5 1111615 131,
viantem ¹4· ¹5 116111198.111166. 1116188717 1ο
1111116116 11 1166111111161119. 1111111419
111. 14 11616161 143. ς 14 1111161149. ιο
11616111 161. 19 1161111196. 9 11116ιεὶ1111 86. 11 111111134. 16
1181111914 1161114111 11601116 11115 11111119.1 Ι 16ς.
11611719 11111891111396 116116114117 61176.161166.
11616111. 11 ²²3· 1 1111111178. ι 16·
11116114111153. 1161117111 1 88. 11611111 68.7 vitisque 114. 11
16 1 1161111111111 1317 171. 1
111111614.1111313 11111117 1 169. 1161111111 .7 , 1116 ”. 91198196.
169.17 ις 1161111111] .9 4 91111911
11611119118 viduo 7. 1414111 116116111111111 111161114. 419
11111118.9196.4 9114 1 174. 9, 1161116161] 118 11 1 1614,
1114 Ι 11111 16 molo-utos 1. ιο 1711117411177.
1114 munh-6 ·· 1111118 1 41. 4 6 Ι.
116111117117 114111119171161. 5181611179. 1111411111. ς.6Ι ,
videbo 102.13 11111116 - 111 Ι 87. 8. 17 1111111151111166.
videbor 1181166. vigilant ⁸5⁰· 14 8811914 116. 171161111181.
1 168.6 16Ι117.1 ¹34· ¹3 “
111166111111 vigilum ¹2⁵· 1 nolum 164. 11161· 14111166

 

