,10011011101

..1111ἰέ ..ρ ’1131181483 111111196ἶὲ ’1111141111
’ 1 ’ 19111199. 10146. 91. ’5 1 117. 11 1149 3
Α110196.9 1911506 119.141191,14 Ι1111111111161.14
1101101409 191111144015 159.11169.18111111161.7 -.
,1001140111144 1911101109 - 1611611688 1111141111 1119.
511414 1111141441 1816111411 ¹0l14³·⁶
Annis 10. 91 51. 7 apparent 98.5 195. 181 117.10 111101 174. 5 1 118.
9985119219 199111111811 191. 111191611104. πά19ι1119212 '²8²
Am? 1,.74111916911 11991601517 111101101161169.
..1811111514 11111112. ..10111161 ¹103. 13...
’ 517419181.191111917471164. 111 · 11111458 97.
711309 ’ 2 ' 140110111175.15 1011999
1011111106 1 19906181817 equit 1. 914514 14
1110011108.9 1990611706 68. 1017010 11111499
9111111170. 16 1990101194 98. 11116904 1111119 111115
...ςῗ1ἶ1ῒ11... :32213‘5128234 1111101.ἷί ...4.1111.. -
1411 1 15. 4 19101491 161 191. 6108. 11911111 1919
14.9 1’ς. 11, 15 aprosque 88.3 111110. 14 111 argenti 141. ις
9419 508169. 1411188114816 111811124101115. 11111051191111.
10. 71161 1971116 1161414 11111 11111111 1311149 6111111111. 11
95.19198.14 4 4141 ¹50· 11110.11190.1ο Α1901101181.ς
1015 11411 161191.51194.’11160147. 14 111901111910
1169 Λημη ¹4 1111111195. ¹7 11140110011184
’ 1181011 1441 19040019641159, 1111111111 119. 10 Argolidas 58. 15
1461011501 16 111171.91199.11 6190119514
1511011591 191ὲ87. 161 ¹30· 19815119917 114110111191119,
160, 91965, 9, ¹9 ¹ 111111 594 ,14
191169101190. apti 144. 51186. 1111111 11111494
Ι, 10 19181111 19’ 1111118119 111115691119.
19 1148 ²29· aptior 904 111111164 11 ¹
.7 23315 ²3⁵⁶ 1911119473, η 111180166ιῐ 8118 21715
2 ²3⁶·3 aptifls282,3 arbiter88.11{160. 11161495
1111ὂ155.91194.9 1910101091 17. 11111Ε13ὗις
10111ἓ1111101168.4 111181111134144. 611111116111111 79. ὃιιη1116215951114280
176.11“ 61109. 81188. 61105.151164. 4151. 6 1 55. 6
10111111167.7 16110114 111191. 11 61. 16 1 71.11-
Α11110148.1 190611.11116,16 1111111111.81169. 74. 81788180.
110010010101.11 94181115. 111 11181413 5181· 185. 9
Antilochus 3·¹ 194. 6 1964 1110114119 160. 99.161117.6
11111οωὶ9108. 10 19814 1098 611187 195. 116101117. 1
11101151. 3.7 205.2 110718 18 1911, 3, 6, 19
antr'aque'151.3 , 11116 110101401116.9 199.141175.19
1111111709 1910581 1 68.4 110111119117 17641191. 15
inus ¹9· 8 1 106. 101.8. 1194 11106611 102020 ²²⁰·9 ·
”11110’7. 181101. 15414 1560 1111111014 1101011994
11 · 11014 19911 116111116911 111110117871176.
1011911145 · 10016 14116 1161011011 ¹3
,1111111186 1914011111. 1160969111 109. armentaque 46.
1111101191. 111190. 1401111111οΜ 10 15
““ 4111418 “ 191111810119. 111191.51159.9 1111111191. 5 .
’ · “’ ’ ⁴ 111111·

 

107. .

