. VOCABULORUM.

1419111 4.-5155.4 1101119515 1141 ' 111101101818 ·
177. 111891 1101116516 “ 1111110167.,15 f²¹01¹t¹50·.13
¹94·2 4541114955 17 1111110911195.15 fallerez.6114.15.

111901011510 111101110149.16 11111111161111161 ¹⁶· ¹9 ⁶¹· ¹⁶

· 111590010111 11019111589 158. 51171.10 69013 11114 ¹

111111011718 exu1293.9 ² 195. 5. 51108. 16 117.. 14 118.

1411115415 1100101111.17 4 ‚¹ ⁴

eximii91.11 . 1111111161.1,5197.6 1111111094111174.

ἓ1κ1118011109813μμ·3 F 111111741771168.13 1111111107 Ι

1111006451 1110111141 Ι11110 18111499 filli 50· 141111. ‘

1114111114. 1 , 11111981187. 77. 7118071198. 19

111184. 161115. 11104161117. 81119. 61110. 11111001108.1
10 411181111585 171115.181118.’ 1111111111

11110116.111116.8 tace 17. 8119. 1 8111 “ 11111111191·4
1101 1511611115. 16 satit 58. 141 107. fauor 50· 71641

“ ' exoranda23706 159 10 191145, 411481 1111111177.
’1141411115147, 11111015.10 157101164. 15 1111157.111150·6
17916111515 11101111. 51154. 167. 8 15011 118015

expectata 5816 16 11010118. 511164 183. 11111. 18

’ 1191611017.9.10 facerem 106.3 1111111119.8161.4 11111 ’ ’

1191611178 111111119941105. 167.9141ι,4 1111868. 17

' 419111017111 ., 51171.5 118110811514 111111018061115.

11191110011891. 11101110.11141.1 1111610117. 16

119111111044 ’ 19510 ’ 9141.149.4151.8 1111113.1154.1ο

euellere 101.1’ ’111111110619 “ 5551016511 1111011.14167.1

11911111155111181. 11111156 56.6 8441374 1111818011 ·
1 , 1111111 1111 111111111111 111116· 111111

1191111001104.6 1548115741158. 1111116511 501415591703·

experior 169. 4 16 11111111 111. 17 861115. 41114. 5

1141111684 1111111195.151107.1 fasti 95. 91115. 117. 91159. 1,-

11411101115.9 “ 169.191191.11 191158161179. 179151187. 11

1191011111111. 15 105. 51107. 1 18 . 141. 5

1140111101158.6 151.5 111111 5881601 111011111141154.

«11451811 15.17 faciant 15.11119.11 186. 2 13

11140641 ’1101 , . 11181401161 110140116450

1111155. 11 111111110161115.’ 111101004110414 fune 31· 5 887

1111115011156. 11 ,109.161179.11, 95.17117.14
6, 1111111419 · 219·11 · Ι 18015111911

11111011157.11 11115051591 1111015910 ’1101111165.51181.1

1111111048.81174.1 14511 16416 1181016451174. 1557 ¹
183.12 ’ 16910 18717 191118.161110.11 111111115911

11111101 101. 11 197. 3 1110. 16 141. 15 famosus 94. 12

1111110111 118 11111011151111. 1111111147.“5 1110011501

11111001 118. 71181. 15 1 167. 9 1 171. ’ facunda ¹54· 15 famulaeque 15. 5
15 1017 · 1110111111 17. 17 1100111101

0110111545 “ 1111111165. 11 1141495 famulosque 138.5

11814011845 , 1111101751 1191011477 famulumve 11419· ,

extremis 54. 10 faciente 116. 19 1111111119. 15 1111111011

11111011110.6171.1 11111111115.5 11111 6. 11446 11111.6158.14
16718 111111 verb. 161. l

411180114918 151194111141. 1111101811 1675 ·. ἲ

1111111519 11 1111117. 11 11111 944 1140 11

1111114010 faciet, 1111. 8918 1111116516 1181901141.15

41111 71. 51 9011 144. 961 1806 11111174151191. 11111140. 8119015

-1111111111 1101111114 ¹⁹. , 1114

11110Ι ,

 

9.1 118. 71160. 11 “

