16661

1111141161 71,11 116111111 e 16116111 111ἰ111116466.6
...311161113811384181ζῖ 88111131.ἐῖ 1611111181...
68Ἅ86ωωι6 684ἧ66666·
1611111617. 66 1111117464 9113188111 3
111611111111 141161, 111117, 1116616616.61 1111116.67111,6

1611161165. 6 6117611611. 1411111181, 111117. 41. 4111.. ..16.119.
66111177 5 14 Ῑ1818614

1111114119 upum 611 1611.111113,’1ος8 161181411181
16616661416, 1611745161111811 1161118.]1711617 1146167117

11616161 889 1116166116 861 111. 71117. ,9,11 16111, ..51 14111.

1661616646 11161,671111.8,1 1161611161, 11 14 1481
14111119.1144. 1 19111111191..111,111118.1 1111611111 9
1114 411984 1119111111. 61716 lusum-mm
1611116169.161111111.1 148164. 67 11,14.,
1611166116 11158,161111,1 1811116116. , 11111611186,1
166111119111114 141,1 111 51111187 1111111118.-64
41811.. ., 3811383333 :42 ¹.⁹'3¹.⁸..;¹} 3111371131.. .,
1661168111. 14 16666 81, ,1 1 664. 166. 711111 111,1689 ,7
166111,111ς 11 111111.171118.9 11116 65 blus 74 ,1
1416111169. 66116, ,1 161664616511 im ¹3¹·7 1617. 1611417, 51116
1114661 161161 11. 6 1 88. 131163.714 16114111611641,
164911 11 18.1111 16 115.
1616116819 16111617,11186,1 4 11816 666. 166611161111 ’
16161461 16111611, ,11 1 166,16167, 1168119411
16166 864 16116611. 16 6111616 111, 1616666611
161119411 1661116116 1611618 114. 1116866114. 1
1661111 91, 1 161161196411116166166 116. 11
Jove 80 4187,61611,519,1114. 11111116 16615.151 16616661419
¹40· 1 176, 14 61111611 45· 9161.1611611,1116116117411
176, ,1 1861866156, 11611 611111111, 13 1161117116
1165 1611661 11111111611111 1111111616
16111681 16181. 1 16811 111.1111111646117,11 1161161774
1116161171. 1 114, ,1 itura 17, 6116, 4 16611616 6111
6.181.5 16116871 99 68 1661611411
1611611116 166. 7 irruat 118. 11 1116661, 16 1616111149
166111, 1,41166,1 1661611689 11.....1,7,61 16611117.11118.
16711111, 6 1661881 19117111 16111
11941184111181 18 1116111161, 11619,
16611111146, 11 67141181. 16 1176116, .2,3 .16
6118111616 11661119, 7 166141.61611.4 16616616111
166, ,19 641. 5 - 1116116116 1661116166 14
1911161116 125 ,17 11616181. 111149 16611118, ,11 11611η1,111844.6
1111711116116,1116161658 jubent4235.6 1611151861
66119, 71114 11611661161 jubentur 144 9117. 161116,
3⁶· 11119..1146 11111. 8151, 16 1661661141 66166617
11156,111511 18616441 111171 11169. Junone7o..14{104.
117, 611758 11161111,71171.11 4111118 1611661
1111618, 5 istas-15 6116, 9 1616616116Μ711111 Junonemquuw
ipsae 137· .15 38. ..11141 1154. judexque 1611 unonin 9. .11
1111118116 116,5 1167.1 111111114141168, 11661168 111181.
17161,,6184.11 9161116611 41116 64 11·
117..16116141 116, 416141 1611111185,1.1117 116116111611
1141, 4116, ,14 1811111161. .11 16

'Jw

a. *om-am. ι

 

