INDEX

5111911193 191 7. 111177. 19Ξ1111111101.131114. 611611176311011
8011111084 131118. 14 111169 3 Α
111111 1491 speque 88. 8 . 191111 184. 14 stringitur 108. 3
1011111711 1911111 17. 1187. 1911117111394 Ι1111611166. 14
1111113. 811196 ις . splendida 130. 16 110810113917
som· 1 1916119111 11311 s 1318 11111133111141.
,1111111168 ⁵ μ111111131511111111. 1111111161163.3 6111103911
10111111707 9 1901 um 36. 8131. (1111017111 11913
10101111197.13 191811113311 6134. ι 1184. 11010111413 . Ξ
finum 131. 18 1911111111 169 ς ι4 61111166. 10
{onus 304 19111111 113. 911109. ,1901111111 118. 9 1111111 111. 3
10911111. 19 ς 1901111141.14 stulte 166. 1
109111411138. 3 1916111111 113. 14 1911111111 119. 9 stult! 7. 8
1119011091 1161111104.10 1901110111. 61163. 1111111174. 3
1119011161. 111116. 6111111 181.9 10 ,1111111113414
19 1916111411 139. 191111139. 18 ’1091116113913
- 1190111 136·. 8 13 . 1911111110. 14 stupeo 84.11 1 170.
, 1010134.4137.10 1911111011οΜ 10111110116. 13 Ι13
38141769181. 1916111111988 1111111011 11611 11911 319

3,81103.111106. 1916191019 1411011111ιι7.9 8171111689
(011141116910 ’ 1Ρ16111111381133197. 1111111116η713 ’,111401011511111119
1010111193 Ι)17 1311711913. 1181619787 1116941417351
1011109311 19 10813 1113101146 76. 14177.10
1110111 3⁴- 3189. 19111111194.3Ι 1111111111 13. 4191. 89119611119.

3110913 111. 191111093. 16 7 208. 1, 13 111117.1

11

13913 137. 1911171.141117. 11.19 sui 30. 81691
101011 1111111911 11116616111811111ῃ4138ςοις 11931188Ι '⁶⁵⁹²
13911 1311313 140. 1111111916 16 111131119171104.
101011133.11 Ι 110 9 . 111110. 7 1 101. 19 1ι
17114111 191104111611179. 119111ιό3. 10 1111111481
10111199 6 1 186. 11103. 11191 suadebat 111. 3
11111101184.ῐ3 . 4 1111011793 · 11111111683
101911 119. 31113. 191 anda 240.5 6111111113.3 1111111119. 13
13 1 117. 6 1911111 190. 3 1111111138. 11 1116111799
10199141163.3 19111111899 1111111618 suae 33. 8 67. 1
101911 3. 91217. saerat2233.15 1111111114.10 1371011438
“ 6 191111114. 13 11111111 114. 11, 11111131.71161.
191131116931114. 1911101631 11 4114014 ,
6..’ 191111173171188. 111118118711 11111,8.41,44.11
611111111117188 110. 19111111164 11111111 6037 10 3911311881
11113911 188. 1991111419 1111111111 7⁴· 18 185.91139.3Ι
16 , sperno 181. 3 81111111Ι1ἷ1187. 9 111011 137. 11
191111 14911 191111. 3114. 11 111111113817 sub 3. 3 Ι 31. ιι
1911613710 18. 111101. 11 1111111101.13 36314013133.
8911116141167· 131, 11161. 10 1111111.1141.13 1013611799
7118917 181. 611898 111119116714199. 7781894181.
891111116141167. 191. 41101. 18 101101101133. 1019911947
5¹ , 103. 81114. 10 11 , 11881118]
1911101133.13 1177111610 1111111111 11911 Ι 1186111339
14111161116 191117113310188. 111191111111108.18 616111111138α
19111101 69. 4 1 194. g 11116111 1η. 111 111161111117. 13
13119813 1911111143. 13 , 11111111813 11111111111111139ε m

 

